Socket info:[Socket0_TA];-->AA
277,275,550,0,0,0,0,0,0,0,0,0,
35,39321,550,32,1123,86,0,0,0,0,0,0,
33,56655,550,32,1123,86,0,0,0,0,0,0,
33,58014,550,32,1123,86,0,0,0,0,0,0,
33,58674,550,32,1147,86,0,0,0,0,0,0,
33,58991,550,32,1147,86,0,0,0,0,0,0,
33,59362,550,32,1147,86,0,0,0,0,0,0,
33,59711,550,32,1148,86,0,0,0,0,0,0,
33,60379,550,32,1149,86,0,0,0,74,1,74,
32,93862,550,32,1149,86,0,0,0,74,1,74,
Socket info:[Socket0_TB];-->AA
0,0,0,0,0,0,0,0,0,0,0,0,
22,1,22,0,0,0,0,0,0,0,0,0,
62,10,81,0,0,0,0,0,0,0,0,0,
63,14,81,0,0,0,0,0,0,0,0,0,
62,20,81,0,0,0,0,0,0,0,0,0,
63,21,81,0,0,0,0,0,0,0,0,0,
63,21,81,0,0,0,0,0,0,0,0,0,
63,21,81,0,0,0,0,0,0,0,0,0,
62,1073,87,0,0,0,74,1,74,0,0,0,
61,7770,94,0,0,0,74,1,74,0,0,0,
Socket info:[Socket1_TA];-->AA
0,0,0,0,0,0,0,0,0,0,0,0,
48,2,74,0,0,0,0,0,0,0,0,0,
39,3,74,0,0,0,0,0,0,0,0,0,
35,4,74,0,0,0,0,0,0,0,0,0,
35,4,74,0,0,0,30,1,30,0,0,0,
35,4,74,0,0,0,30,1,30,0,0,0,
35,4,74,0,0,0,30,1,30,29,26,72,
35,4,74,0,0,0,30,1,30,29,26,72,
32,5,74,0,0,0,30,1,30,29,26,72,
31,6,74,0,0,0,51,2,72,29,26,72,
Socket info:[Socket1_TB];-->AA
0,0,0,0,0,0,0,0,0,0,0,0,
74,7,77,24,1,24,0,0,0,0,0,0,
63,10,77,24,1,24,0,0,0,0,0,0,
64,11,77,24,1,24,0,0,0,0,0,0,
64,11,77,24,1,24,0,0,0,0,0,0,
67,16,77,24,1,24,0,0,0,0,0,0,
67,16,77,24,1,24,0,0,0,0,0,0,
68,17,77,49,2,75,0,0,0,0,0,0,
68,17,77,49,2,75,0,0,0,0,0,0,
64,854,85,49,4,76,0,0,0,0,0,0,
