Socket info:[Socket0_TA];-->AA
278,2108,645,0,0,0,0,0,0,0,0,0,
262,13578,1443,0,0,0,140,435,1169,0,0,0,
282,22754,1444,155,137,701,197,606,1397,145,180,726,
297,32203,1449,155,137,701,197,606,1397,145,180,726,
188,75065,1474,155,137,701,197,606,1397,145,180,726,
201,83965,1474,155,137,701,197,606,1397,145,180,726,
212,93096,1474,139,330,701,221,767,1397,188,320,843,
223,101686,1474,139,330,701,221,767,1397,188,320,843,
232,110191,1474,139,330,701,221,767,1397,188,320,843,
235,121228,1474,139,330,701,221,767,1397,188,320,843,
Socket info:[Socket0_TB];-->AA
0,0,0,0,0,0,0,0,0,0,0,0,
499,295,1237,0,0,0,0,0,0,0,0,0,
450,690,1237,0,0,0,0,0,0,0,0,0,
420,1084,1335,289,154,931,476,174,1543,199,157,738,
422,1410,1335,289,154,931,476,174,1543,410,410,968,
402,1925,1335,289,154,931,476,174,1543,410,410,968,
397,2386,1335,289,154,931,476,174,1543,410,410,968,
391,2797,1335,267,336,931,470,332,1543,338,602,968,
395,3162,1342,267,336,931,470,332,1543,388,863,977,
284,8382,1523,267,336,931,470,332,1543,388,863,977,
Socket info:[Socket1_TA];-->AA
0,0,0,0,0,0,0,0,0,0,0,0,
591,1493,1261,0,0,0,300,49,708,0,0,0,
592,2227,1261,0,0,0,269,97,708,0,0,0,
589,3124,1261,295,156,688,389,289,812,400,158,781,
591,3843,1261,295,156,688,378,342,812,400,158,781,
589,4601,1379,295,156,688,361,389,812,400,158,781,
594,5275,1379,295,156,688,347,437,812,400,158,781,
590,6176,1379,339,317,714,381,617,888,435,299,781,
584,6997,1379,339,317,714,385,643,888,376,409,811,
585,7695,1379,339,317,714,390,669,888,376,409,811,
Socket info:[Socket1_TB];-->AA
0,0,0,0,0,0,0,0,0,0,0,0,
609,1161,1494,423,287,955,0,0,0,0,0,0,
596,1857,1494,439,588,955,0,0,0,0,0,0,
595,3332,1494,436,1115,955,0,0,0,0,0,0,
576,4185,1494,434,1579,1371,603,156,830,588,126,806,
586,5327,1494,441,1863,1371,603,156,830,588,126,806,
589,6049,1494,436,2159,1371,603,156,830,588,126,806,
584,7362,1494,451,2693,1391,603,156,830,588,126,806,
572,8158,1494,441,3116,1391,582,322,841,505,263,806,
578,9379,1494,441,3433,1441,582,322,841,505,263,806,
