Socket info:[Socket0_TA];-->AA
286,4488,816,0,0,0,0,0,0,0,0,0,
280,4844,816,0,0,0,0,0,0,0,0,0,
277,5172,816,0,0,0,0,0,0,0,0,0,
274,5500,816,0,0,0,0,0,0,0,0,0,
271,5848,816,0,0,0,0,0,0,0,0,0,
268,6184,816,0,0,0,0,0,0,0,0,0,
191,9893,922,0,0,0,0,0,0,0,0,0,
192,10185,922,0,0,0,0,0,0,0,0,0,
157,13650,922,0,0,0,0,0,0,0,0,0,
155,14328,922,0,0,0,0,0,0,131,2393,1427,
Socket info:[Socket0_TB];-->AA
0,0,0,0,0,0,0,0,0,0,0,0,
185,32,188,0,0,0,0,0,0,0,0,0,
185,64,188,0,0,0,0,0,0,0,0,0,
185,96,189,0,0,0,0,0,0,0,0,0,
185,128,189,0,0,0,0,0,0,0,0,0,
147,265,1102,0,0,0,0,0,0,0,0,0,
66,2269,1102,0,0,0,0,0,0,0,0,0,
68,2301,1102,0,0,0,0,0,0,0,0,0,
77,4160,1102,0,0,0,0,0,0,0,0,0,
75,5980,1454,0,0,0,0,0,0,0,0,0,
Socket info:[Socket1_TA];-->AA
0,0,0,0,0,0,0,0,0,0,0,0,
503,8,540,0,0,0,0,0,0,0,0,0,
503,16,542,0,0,0,0,0,0,0,0,0,
503,24,552,0,0,0,0,0,0,0,0,0,
502,32,552,0,0,0,0,0,0,0,0,0,
501,40,552,0,0,0,0,0,0,0,0,0,
502,48,552,0,0,0,0,0,0,0,0,0,
502,56,552,0,0,0,0,0,0,0,0,0,
503,64,552,0,0,0,0,0,0,0,0,0,
503,72,554,0,0,0,0,0,0,0,0,0,
Socket info:[Socket1_TB];-->AA
0,0,0,0,0,0,0,0,0,0,0,0,
0,0,0,0,0,0,0,0,0,0,0,0,
570,6,596,0,0,0,0,0,0,0,0,0,
570,6,596,0,0,0,0,0,0,0,0,0,
571,12,596,0,0,0,0,0,0,0,0,0,
571,12,596,0,0,0,0,0,0,0,0,0,
218,85,602,0,0,0,0,0,0,0,0,0,
218,85,602,0,0,0,0,0,0,0,0,0,
173,176,632,0,0,0,0,0,0,0,0,0,
153,248,813,0,0,0,0,0,0,0,0,0,
