Socket infor:[Socket0_TA]-->HHA0;
0,1,0,1,5,6,1,0,8,4,9,14,
427,408,248,244,1076,265,358,0,201,936,118,1072,
74,371,308,96,871,60,362,0,51,855,8,869,
53,396,361,86,928,47,394,0,55,922,5,927,
1659,1914,814,1522,5369,1451,1814,0,358,5012,122,5202,
54,272,229,45,615,49,270,0,62,612,2,615,
1362,1927,715,1147,4959,1201,1847,0,279,4611,89,4748,
49,342,306,56,762,44,340,0,58,757,3,762,
23,260,237,27,571,25,259,0,50,576,2,580,
194,286,260,32,802,184,282,0,197,793,3,796,
Socket infor:[Socket0_TA]-->HHA1;
0,0,0,1,1,0,0,0,0,1,0,1,
90,291,280,76,707,78,286,0,25,693,8,707,
44,324,322,24,701,33,319,0,20,689,5,701,
36,369,366,31,786,30,366,0,27,780,4,786,
1524,1901,883,1373,5131,1314,1786,0,339,4832,113,5024,
41,235,226,25,512,29,230,0,13,502,8,512,
1299,1834,712,1110,4600,1115,1723,0,252,4335,98,4518,
27,345,344,28,723,23,344,0,28,718,3,723,
11,249,252,10,522,11,249,0,17,521,0,522,
19,252,255,19,539,18,252,0,16,537,0,539,
Socket infor:[Socket0_TB]-->HHA0;
0,0,0,1,1,0,0,0,0,1,0,1,
76,42,3,54,131,58,32,0,17,106,8,131,
4,16,16,6,50,4,16,0,1,50,0,50,
1,17,15,2,37,0,16,0,2,37,0,37,
660,1360,183,934,2501,637,1338,0,319,2412,4,2445,
2,6,6,3,22,2,6,0,1,21,0,22,
592,1222,124,767,2220,576,1210,0,272,2144,4,2162,
2,22,22,2,60,1,21,0,1,60,0,60,
1,11,8,2,27,1,11,0,1,27,0,27,
0,10,10,1,17,0,10,0,1,17,0,17,
Socket infor:[Socket0_TB]-->HHA1;
0,0,0,0,0,0,0,0,0,0,0,0,
65,52,6,54,128,52,46,0,12,103,6,128,
4,24,24,3,52,3,23,0,0,51,0,52,
1,37,35,1,72,1,37,0,0,72,0,72,
585,1445,306,944,2589,567,1430,0,293,2549,3,2576,
3,10,11,2,26,3,10,0,0,26,0,26,
541,1194,132,773,2143,533,1189,0,265,2100,4,2115,
2,66,64,0,149,2,66,0,1,149,0,149,
2,25,27,0,55,2,25,0,0,55,0,55,
0,16,15,0,25,0,16,0,0,25,0,25,
Socket infor:[Socket1_TA]-->HHA0;
0,0,0,0,0,0,0,0,0,0,0,0,
9,7,39,18,52,9,7,0,0,52,0,52,
1,6,10,5,22,1,6,0,0,22,0,22,
0,46,51,5,114,0,46,0,0,114,0,114,
155,211,481,175,747,152,208,0,19,728,1,739,
1,45,57,9,95,1,45,0,16,95,0,95,
27,100,239,105,351,23,97,0,0,346,2,351,
21,44,69,2,171,19,43,0,0,164,1,171,
0,13,18,3,39,0,13,0,0,39,0,39,
0,11,16,4,30,0,11,0,0,30,0,30,
Socket infor:[Socket1_TA]-->HHA1;
0,0,0,0,0,0,0,0,0,0,0,0,
13,14,33,5,53,13,14,0,0,53,0,53,
0,12,14,4,31,0,12,0,0,31,0,31,
2,161,136,3,327,2,161,0,1,327,0,327,
125,284,492,116,796,120,279,0,33,786,1,792,
3,20,30,8,55,3,20,0,0,55,0,55,
18,96,212,93,313,14,93,0,0,308,0,313,
21,147,137,1,369,20,146,0,1,361,1,369,
0,55,69,0,112,0,55,0,0,112,0,112,
1,14,17,2,33,1,14,0,0,33,0,33,
Socket infor:[Socket1_TB]-->HHA0;
0,1,3,2,3,0,1,0,0,3,0,12,
15,49,76,33,137,11,46,0,0,132,1,128,
1,40,50,13,100,1,40,0,0,100,0,100,
4,86,94,19,200,2,84,0,0,198,1,200,
148,234,648,299,782,133,226,0,3,766,7,782,
0,47,56,11,113,0,47,0,0,113,0,113,
106,224,423,207,681,90,219,0,22,655,11,675,
3,53,56,5,184,2,52,0,1,183,0,184,
2,59,61,1,113,2,59,0,0,113,0,113,
1,45,51,8,118,1,45,0,0,118,0,118,
Socket infor:[Socket1_TB]-->HHA1;
6,2,22,14,26,9,2,0,0,26,0,26,
5,112,110,17,224,1,112,0,0,222,0,224,
0,113,89,7,200,0,113,0,0,200,0,200,
1,208,181,9,440,1,208,0,1,440,0,440,
145,400,788,317,1041,126,387,0,15,1025,7,1041,
1,93,81,4,177,1,93,0,0,177,0,177,
106,304,488,231,799,84,291,0,20,769,12,794,
2,174,133,7,413,2,174,0,1,413,0,413,
1,166,154,3,272,0,165,0,1,271,0,272,
2,107,96,4,212,2,107,0,0,212,0,212,
Socket infor:[Socket0_TA]-->SLLC0;
1848,20,1121,469,
861,64,596,299,
703,285,633,672,
1323,296,988,810,
7980,1024,18869,32785,
1274,212,1062,683,
2263,1347,16008,32236,
723,323,888,805,
584,174,609,668,
998,172,910,583,
Socket infor:[Socket0_TA]-->SLLC1;
18511,12,4390,676,
22787,34,5654,636,
23349,185,6300,853,
23380,185,6175,944,
31253,784,18438,16985,
23128,269,6141,867,
25391,1078,15308,15362,
22719,313,5945,976,
22866,166,6210,1031,
22903,207,5997,753,
Socket infor:[Socket0_TA]-->SLLC2;
13672,17,116,20,
17998,303,1236,1026,
18186,433,1749,1675,
18287,443,1564,1244,
19378,2592,2927,3305,
17918,314,1276,993,
19054,2315,2433,3050,
18141,388,1568,1214,
17937,310,1810,1524,
17916,334,1228,1059,
Socket infor:[Socket0_TA]-->SLLC3;
46579,13,4550,482,
60481,290,6854,1392,
61367,360,6894,1651,
61335,416,7350,1809,
66615,2390,8334,3971,
60337,259,6852,1242,
66912,2086,7772,3362,
60974,436,7318,1697,
60216,289,6901,1390,
60345,272,6869,1398,
Socket infor:[Socket0_TB]-->SLLC0;
104,0,90,14,
495,0,447,48,
491,0,443,48,
495,0,447,48,
497,1563,449,48,
493,0,445,48,
492,1284,444,48,
492,0,444,48,
490,0,442,48,
492,0,444,48,
Socket infor:[Socket0_TB]-->SLLC1;
43242,0,0,0,
52993,0,19,0,
53804,0,20,0,
53599,0,19,0,
56653,1149,19,0,
52804,0,19,0,
57463,888,19,0,
53299,0,19,0,
52681,0,19,0,
52846,0,19,0,
Socket infor:[Socket0_TB]-->SLLC2;
0,228,5211,5933,
47,24,5436,5197,
278,120,6070,5799,
166,115,5801,6346,
21306,857,23340,18934,
286,52,5741,6512,
21232,669,18998,11367,
374,135,5555,5349,
247,81,5780,5542,
213,31,5463,6112,
Socket infor:[Socket0_TB]-->SLLC3;
0,111,16245,2096,
805,10,18296,666,
1025,53,18706,827,
1094,57,18913,1158,
24261,565,33102,7619,
1079,26,18493,1329,
24226,324,31448,4688,
1276,106,18859,919,
1223,42,18475,861,
1051,19,18418,1157,
Socket infor:[Socket1_TA]-->SLLC0;
92,12,68,26,
383,418,464,1032,
373,509,960,1653,
427,693,579,1620,
1192,702,1612,2310,
379,441,462,957,
749,1428,1682,4119,
387,793,650,1907,
401,406,1010,1463,
378,361,478,901,
Socket infor:[Socket1_TA]-->SLLC1;
2390,20,2157,222,
3087,246,3260,944,
3070,326,3246,1038,
3262,434,3634,1370,
4905,397,4006,2080,
3068,285,3249,871,
3757,670,4662,2319,
3216,491,3685,1527,
3161,261,3321,902,
3077,237,3256,863,
Socket infor:[Socket1_TA]-->SLLC2;
0,0,5382,5018,
389,75,6595,5752,
467,61,6754,5806,
642,169,6818,6094,
1713,1734,8387,8131,
370,95,6531,5854,
1000,1376,8101,6899,
610,235,6737,6038,
392,68,6549,5850,
400,82,6581,5795,
Socket infor:[Socket1_TA]-->SLLC3;
0,0,107,145,
1951,139,1349,662,
2534,129,1982,628,
2657,450,1532,1117,
4817,1774,4511,3262,
1958,122,1284,715,
4782,1434,3935,1852,
2731,522,1549,1077,
2464,147,1882,805,
1948,133,1342,641,
Socket infor:[Socket1_TB]-->SLLC0;
72,0,58,14,
320,0,272,48,
320,0,272,48,
320,0,272,48,
320,1356,272,48,
320,0,272,48,
320,1167,272,48,
320,0,272,48,
320,0,272,48,
320,0,272,48,
Socket infor:[Socket1_TB]-->SLLC1;
0,0,0,0,
804,0,0,0,
819,0,0,0,
1344,0,0,0,
2268,1356,0,0,
846,0,0,0,
2085,1005,0,0,
1398,0,0,0,
828,0,0,0,
810,0,0,0,
Socket infor:[Socket1_TB]-->SLLC2;
0,0,2891,2711,
445,68,3653,3095,
498,57,3799,3085,
722,146,4143,3404,
565,371,4415,4400,
415,66,3615,3182,
1555,184,5324,3952,
847,202,4282,3382,
412,58,3628,3159,
383,75,3561,3057,
Socket infor:[Socket1_TB]-->SLLC3;
0,0,107,105,
787,120,953,704,
1354,113,1572,701,
1152,265,1391,946,
1457,335,3577,1872,
779,98,922,769,
3295,243,3672,1641,
1358,308,1569,954,
1289,106,1471,796,
755,119,901,658,
Socket infor:[Socket0_NA]-->SLLC0;
0,0,0,0,
0,0,0,0,
0,0,0,0,
0,0,0,0,
0,0,0,0,
0,0,0,0,
0,0,0,0,
0,0,0,0,
0,0,0,0,
0,0,0,0,
Socket infor:[Socket0_NA]-->SLLC1;
0,0,0,0,
0,0,0,0,
0,0,0,0,
0,0,0,0,
0,0,0,0,
0,0,0,0,
0,0,0,0,
0,0,0,0,
0,0,0,0,
0,0,0,0,
Socket infor:[Socket0_NB]-->SLLC0;
0,0,0,0,
0,0,0,0,
0,0,0,0,
0,0,0,0,
0,0,0,0,
0,0,0,0,
0,0,0,0,
0,0,0,0,
0,0,0,0,
0,0,0,0,
Socket infor:[Socket0_NB]-->SLLC1;
0,0,0,0,
0,0,0,0,
0,0,0,0,
0,0,0,0,
0,0,0,0,
0,0,0,0,
0,0,0,0,
0,0,0,0,
0,0,0,0,
0,0,0,0,
Socket infor:[Socket1_NA]-->SLLC0;
0,0,0,0,
0,0,0,0,
0,0,0,0,
0,0,0,0,
0,0,0,0,
0,0,0,0,
0,0,0,0,
0,0,0,0,
0,0,0,0,
0,0,0,0,
Socket infor:[Socket1_NA]-->SLLC1;
0,0,0,0,
0,0,0,0,
0,0,0,0,
0,0,0,0,
0,0,0,0,
0,0,0,0,
0,0,0,0,
0,0,0,0,
0,0,0,0,
0,0,0,0,
Socket infor:[Socket1_NB]-->SLLC0;
0,0,0,0,
0,0,0,0,
0,0,0,0,
0,0,0,0,
0,0,0,0,
0,0,0,0,
0,0,0,0,
0,0,0,0,
0,0,0,0,
0,0,0,0,
Socket infor:[Socket1_NB]-->SLLC1;
0,0,0,0,
0,0,0,0,
0,0,0,0,
0,0,0,0,
0,0,0,0,
0,0,0,0,
0,0,0,0,
0,0,0,0,
0,0,0,0,
0,0,0,0,
