LLC Information:[Socket0_TA];
1055,1,0,0,1003,0,0,839,
4586,0,0,0,4457,0,0,3616,
39,0,0,0,34,0,0,25,
792,3,0,0,774,0,0,574,
299,0,0,0,267,0,0,167,
6,0,0,0,5,0,0,4,
4,0,0,0,4,0,0,3,
1,0,0,0,1,0,0,0,
2,0,0,0,8,0,0,5,
104,0,0,0,90,0,0,24,
LLC Information:[Socket0_TB];
94,1,0,0,89,1,0,223,
3251,38,0,0,3111,10,0,1412,
7,0,0,0,7,0,0,35,
78,2,0,0,78,2,0,85,
10,0,0,0,10,0,0,48,
0,0,0,0,0,0,0,0,
0,0,0,0,0,0,0,1,
0,0,0,0,0,0,0,0,
0,0,0,0,0,0,0,1,
35,0,0,0,35,0,0,8,
LLC Information:[Socket1_TA];
0,0,0,0,0,0,0,0,
0,0,0,0,0,0,0,0,
0,0,0,0,0,0,0,0,
28,0,0,0,4,0,0,2,
347,0,0,0,171,0,0,108,
0,0,0,0,0,0,0,0,
0,0,0,0,0,0,0,0,
0,0,0,0,0,0,0,0,
0,0,0,0,0,0,0,0,
423,0,0,0,394,0,0,369,
LLC Information:[Socket1_TB];
0,0,0,0,0,0,0,0,
0,0,0,0,0,0,0,0,
0,0,0,0,0,0,0,0,
39,0,0,0,20,0,0,0,
39,0,0,0,33,0,0,71,
0,0,0,0,0,0,0,0,
0,0,0,0,0,0,0,0,
0,0,0,0,0,0,0,0,
0,0,0,0,0,0,0,0,
197,0,0,0,185,0,0,27,
DDR information:
4,2,0,0,0,0,0,0,0,0,0,0,8,12,2,12,
108,224,32,112,142,288,162,296,0,10,6,18,42,56,20,16,
8,6,0,0,2,0,0,0,0,0,0,0,0,0,0,0,
50,12,46,6,0,0,0,0,0,0,0,0,4,0,44,0,
156,138,202,160,0,0,0,0,28,2,24,4,6,4,6,4,
2,0,0,0,0,0,0,0,0,0,0,0,0,0,0,0,
0,0,0,0,0,0,0,0,0,0,0,0,0,0,0,0,
0,0,0,0,0,0,0,0,0,0,0,0,0,0,0,0,
4,2,0,0,0,0,0,0,0,0,0,0,0,0,0,0,
28,24,24,6,6,0,0,0,0,0,4,0,20,12,10,0,
