PA-->Socket_info:[Socket0_NA];
45689593,2248254,73588544,122028639,0,0,0,0,0,0,0,0,
1281,212,12114,4460,0,0,0,0,0,0,0,0,
2006,223,12157,3614,0,0,0,0,0,0,0,0,
1296,770,11678,4212,0,0,0,0,0,0,0,0,
1609,226,11401,3353,0,0,0,0,0,0,0,0,
2346,610,15147,5325,0,0,0,0,0,0,0,0,
1947,229,12394,3585,0,0,0,0,0,0,0,0,
1411,599,11842,4116,0,0,0,0,0,0,0,0,
2980,720,15176,5268,0,0,0,0,0,0,0,0,
2315,639,14994,5162,0,0,0,0,0,0,0,0,
PA-->Socket_info:[Socket0_NB];
0,0,0,0,0,0,0,0,0,0,0,0,
0,0,0,0,0,0,0,0,0,0,0,0,
0,0,0,0,0,0,0,0,0,0,0,0,
0,0,0,0,0,0,0,0,0,0,0,0,
0,0,0,0,0,0,0,0,0,0,0,0,
0,0,0,0,0,0,0,0,0,0,0,0,
0,0,0,0,0,0,0,0,0,0,0,0,
0,0,0,0,0,0,0,0,0,0,0,0,
0,0,0,0,0,0,0,0,0,0,0,0,
0,0,0,0,0,0,0,0,0,0,0,0,
PA-->Socket_info:[Socket1_NA];
96053451,3723276,28790739,158499660,0,0,0,0,0,0,0,0,
3682,710,1333,2231,0,0,0,0,0,0,0,0,
3155,911,1943,2862,0,0,0,0,0,0,0,0,
3465,635,2018,2191,0,0,0,0,0,0,0,0,
3147,383,1763,2263,0,0,0,0,0,0,0,0,
4093,1767,2328,4769,0,0,0,0,0,0,0,0,
3183,1003,1869,2964,0,0,0,0,0,0,0,0,
3393,750,1901,2327,0,0,0,0,0,0,0,0,
4219,1922,2912,5755,0,0,0,0,0,0,0,0,
3939,1853,2397,4585,0,0,0,0,0,0,0,0,
PA-->Socket_info:[Socket1_NB];
0,0,0,0,0,0,0,0,0,0,0,0,
0,0,0,0,0,0,0,0,0,0,0,0,
0,0,0,0,0,0,0,0,0,0,0,0,
0,0,0,0,0,0,0,0,0,0,0,0,
0,0,0,0,0,0,0,0,0,0,0,0,
0,0,0,0,0,0,0,0,0,0,0,0,
0,0,0,0,0,0,0,0,0,0,0,0,
0,0,0,0,0,0,0,0,0,0,0,0,
0,0,0,0,0,0,0,0,0,0,0,0,
0,0,0,0,0,0,0,0,0,0,0,0,
Socket_info:[Socket0_NA]-->HLLC0;
45689593,2248254,73588544,122028639,0,0,0,0,
1281,212,12114,4460,0,0,0,0,
2006,223,12157,3614,0,0,0,0,
1296,770,11678,4212,0,0,0,0,
1609,226,11401,3353,0,0,0,0,
2346,610,15147,5325,0,0,0,0,
1947,229,12394,3585,0,0,0,0,
1411,599,11842,4116,0,0,0,0,
2980,720,15176,5268,0,0,0,0,
2315,639,14994,5162,0,0,0,0,
Socket_info:[Socket0_NA]-->HLLC1;
0,0,0,0,0,0,0,0,
0,0,0,0,0,0,0,0,
0,0,0,0,0,0,0,0,
0,0,0,0,0,0,0,0,
0,0,0,0,0,0,0,0,
0,0,0,0,0,0,0,0,
0,0,0,0,0,0,0,0,
0,0,0,0,0,0,0,0,
0,0,0,0,0,0,0,0,
0,0,0,0,0,0,0,0,
Socket_info:[Socket0_NA]-->HLLC2;
0,0,0,0,0,0,0,0,
0,0,0,0,0,0,0,0,
0,0,0,0,0,0,0,0,
0,0,0,0,0,0,0,0,
0,0,0,0,0,0,0,0,
0,0,0,0,0,0,0,0,
0,0,0,0,0,0,0,0,
0,0,0,0,0,0,0,0,
0,0,0,0,0,0,0,0,
0,0,0,0,0,0,0,0,
Socket_info:[Socket0_NB]-->HLLC0;
96053451,3723276,28790739,158499660,0,0,0,0,
3682,710,1333,2231,0,0,0,0,
3155,911,1943,2862,0,0,0,0,
3465,635,2018,2191,0,0,0,0,
3147,383,1763,2263,0,0,0,0,
4093,1767,2328,4769,0,0,0,0,
3183,1003,1869,2964,0,0,0,0,
3393,750,1901,2327,0,0,0,0,
4219,1922,2912,5755,0,0,0,0,
3939,1853,2397,4585,0,0,0,0,
Socket_info:[Socket0_NB]-->HLLC1;
0,0,0,0,0,0,0,0,
0,0,0,0,0,0,0,0,
0,0,0,0,0,0,0,0,
0,0,0,0,0,0,0,0,
0,0,0,0,0,0,0,0,
0,0,0,0,0,0,0,0,
0,0,0,0,0,0,0,0,
0,0,0,0,0,0,0,0,
0,0,0,0,0,0,0,0,
0,0,0,0,0,0,0,0,
Socket_info:[Socket0_NB]-->HLLC2;
0,0,0,0,0,0,0,0,
0,0,0,0,0,0,0,0,
0,0,0,0,0,0,0,0,
0,0,0,0,0,0,0,0,
0,0,0,0,0,0,0,0,
0,0,0,0,0,0,0,0,
0,0,0,0,0,0,0,0,
0,0,0,0,0,0,0,0,
0,0,0,0,0,0,0,0,
0,0,0,0,0,0,0,0,
Socket_info:[Socket1_NA]-->HLLC0;
217779061,106824044,12433232,0,85756263,192310051,10970276,0,
6861,3462,318,0,805,12220,968,0,
6299,5172,215,0,1168,10509,1239,0,
6304,3476,739,0,898,11730,924,0,
6092,3814,360,0,967,10378,563,0,
8356,7513,1067,0,1750,13708,2464,0,
6361,5275,269,0,1145,10674,1128,0,
6298,3860,621,0,952,11455,1085,0,
8629,8814,1422,0,2044,13679,2616,0,
8095,7229,1121,0,1711,13030,2625,0,
Socket_info:[Socket1_NA]-->HLLC1;
217399650,106747678,12433194,0,85676679,192322189,10974558,0,
6928,3500,331,0,792,12194,942,0,
6269,5177,245,0,1162,10509,1192,0,
6308,3536,789,0,900,11742,922,0,
6092,3777,341,0,966,10350,595,0,
8327,7442,1078,0,1722,13676,2407,0,
6335,5276,278,0,1146,10712,1076,0,
6302,3828,666,0,957,11389,1090,0,
8604,8895,1408,0,2059,13709,2675,0,
8099,7281,1079,0,1700,13132,2651,0,
Socket_info:[Socket1_NA]-->HLLC2;
0,0,0,0,0,0,0,0,
0,0,0,0,0,0,0,0,
0,0,0,0,0,0,0,0,
0,0,0,0,0,0,0,0,
0,0,0,0,0,0,0,0,
0,0,0,0,0,0,0,0,
0,0,0,0,0,0,0,0,
0,0,0,0,0,0,0,0,
0,0,0,0,0,0,0,0,
0,0,0,0,0,0,0,0,
Socket_info:[Socket1_NB]-->HLLC0;
0,0,0,0,0,0,0,0,
0,0,0,0,0,0,0,0,
0,0,0,0,0,0,0,0,
0,0,0,0,0,0,0,0,
0,0,0,0,0,0,0,0,
0,0,0,0,0,0,0,0,
0,0,0,0,0,0,0,0,
0,0,0,0,0,0,0,0,
0,0,0,0,0,0,0,0,
0,0,0,0,0,0,0,0,
Socket_info:[Socket1_NB]-->HLLC1;
0,0,0,0,0,0,0,0,
0,0,0,0,0,0,0,0,
0,0,0,0,0,0,0,0,
0,0,0,0,0,0,0,0,
0,0,0,0,0,0,0,0,
0,0,0,0,0,0,0,0,
0,0,0,0,0,0,0,0,
0,0,0,0,0,0,0,0,
0,0,0,0,0,0,0,0,
0,0,0,0,0,0,0,0,
Socket_info:[Socket1_NB]-->HLLC2;
0,0,0,0,0,0,0,0,
0,0,0,0,0,0,0,0,
0,0,0,0,0,0,0,0,
0,0,0,0,0,0,0,0,
0,0,0,0,0,0,0,0,
0,0,0,0,0,0,0,0,
0,0,0,0,0,0,0,0,
0,0,0,0,0,0,0,0,
0,0,0,0,0,0,0,0,
0,0,0,0,0,0,0,0,
